0.10577392578125
0.13342285156250
0.16192626953125
0.11401367187500
0.11920166015625
-0.01763916015625
0.10797119140625
0.11016845703125
0.12988281250000
0.09179687500000
0.11383056640625
0.11810302734375
0.10229492187500
0.12365722656250
0.12066650390625
0.11407470703125
-0.05346679687500
0.10705566406250
0.15435791015625
0.14678955078125
0.11682128906250
0.13433837890625
0.14270019531250
0.09692382812500
0.16497802734375
-0.39733886718750
0.12591552734375
0.09722900390625
0.13275146484375
0.10241699218750
0.09484863281250
-0.12646484375000
0.12268066406250
0.05480957031250
0.10693359375000
0.13543701171875
0.02752685546875
0.11425781250000
0.09063720703125
0.01611328125000
0.09906005859375
0.14233398437500
0.09637451171875
-0.25903320312500
0.13854980468750
0.12719726562500
0.08306884765625
0.09143066406250
0.14416503906250
0.09631347656250
0.14318847656250
0.08142089843750
0.07098388671875
-0.37792968750000
0.12866210937500
0.11517333984375
0.10083007812500
0.11749267578125
0.12451171875000
0.06463623046875
0.33044433593750
0.25463867187500
0.12097167968750
0.09790039062500
