0.14068603515625
0.11987304687500
-0.02777099609375
0.03271484375000
0.03283691406250
0.14581298828125
0.24676513671875
-0.04882812500000
-0.02319335937500
0.17864990234375
0.12329101562500
0.05987548828125
0.08892822265625
-0.00280761718750
0.09008789062500
0.07250976562500
0.16052246093750
-0.07519531250000
-0.02429199218750
0.10656738281250
0.29779052734375
0.00958251953125
0.15313720703125
0.05554199218750
0.03393554687500
0.04211425781250
0.08819580078125
-0.01892089843750
0.13000488281250
0.06988525390625
0.10174560546875
-0.02215576171875
