-0.65173339843750  
-1.17620849609375  
 0.73071289062500  
 0.19168090820312  
-2.00531005859375  
 0.52311706542969  
-0.32318115234375  
-0.23956298828125  
 1.14309692382812  
-2.75338745117188  
 0.30049896240234  
 0.57647705078125  
 0.92384338378906  
 0.53340148925781  
 1.97021484375000  
 1.01168823242188  
 0.50668334960938  
 1.47219848632812  
 0.73783874511719  
-0.47766113281250  
-0.26696777343750  
 0.92462158203125  
-0.41403198242188  
 0.43078613281250  
-0.82150268554688  
-1.61315917968750  
 0.36920166015625  
-0.93139648437500  
 0.38983154296875  
-0.03330993652344  
-0.53480529785156  
 1.50677490234375  
