-0.00958251953125
-0.01678466796875
-0.00683593750000
-0.01184082031250
-0.01330566406250
-0.00811767578125
-0.01000976562500
-0.00958251953125
-0.01379394531250
-0.01068115234375
-0.00744628906250
-0.00836181640625
-0.01055908203125
-0.01232910156250
-0.01129150390625
-0.01037597656250
-0.00830078125000
-0.00598144531250
-0.00933837890625
-0.00958251953125
-0.01019287109375
-0.00769042968750
-0.00909423828125
-0.01409912109375
-0.00091552734375
-0.00579833984375
-0.01947021484375
-0.02044677734375
-0.00988769531250
-0.01599121093750
-0.00836181640625
-0.00781250000000
-0.00787353515625
-0.00842285156250
-0.01599121093750
-0.00677490234375
-0.01354980468750
-0.00976562500000
-0.01251220703125
-0.01367187500000
-0.01440429687500
-0.02124023437500
-0.01068115234375
-0.01068115234375
-0.00762939453125
-0.01348876953125
-0.01708984375000
-0.00946044921875
-0.01745605468750
-0.01391601562500
-0.01696777343750
-0.00677490234375
-0.00970458984375
-0.01483154296875
-0.00653076171875
-0.01599121093750
-0.02642822265625
-0.01055908203125
-0.01251220703125
-0.01251220703125
-0.00903320312500
-0.00982666015625
-0.01806640625000
-0.00622558593750
-0.01373291015625
-0.01202392578125
-0.00689697265625
-0.01007080078125
-0.00866699218750
-0.00781250000000
-0.01605224609375
-0.01080322265625
-0.01000976562500
-0.01165771484375
-0.01049804687500
-0.00860595703125
-0.01348876953125
-0.00836181640625
-0.01318359375000
-0.01428222656250
-0.01452636718750
-0.00982666015625
-0.01000976562500
-0.01043701171875
-0.00994873046875
-0.00958251953125
-0.01177978515625
-0.01104736328125
-0.01623535156250
-0.00921630859375
-0.01110839843750
-0.01202392578125
-0.00292968750000
-0.01721191406250
-0.01452636718750
-0.01165771484375
-0.00946044921875
-0.01116943359375
-0.01379394531250
-0.00280761718750
-0.01062011718750
-0.01287841796875
-0.01031494140625
-0.00439453125000
-0.01519775390625
-0.01831054687500
-0.00537109375000
-0.01104736328125
-0.01049804687500
-0.00415039062500
-0.00531005859375
-0.01232910156250
-0.01000976562500
-0.01330566406250
-0.01062011718750
-0.01043701171875
-0.01269531250000
-0.01672363281250
-0.01275634765625
-0.00976562500000
-0.02349853515625
-0.00524902343750
-0.01348876953125
-0.00653076171875
-0.00885009765625
-0.01812744140625
-0.00976562500000
-0.01507568359375
