-0.00836181640625
0.03472900390625
0.00799560546875
-0.01098632812500
-0.01409912109375
0.03741455078125
0.00653076171875
-0.00817871093750
0.00939941406250
-0.01635742187500
0.00000000000000
0.01556396484375
0.00097656250000
-0.00964355468750
-0.01489257812500
-0.02136230468750
-0.00646972656250
0.02032470703125
-0.01391601562500
-0.00994873046875
-0.01171875000000
0.00988769531250
-0.01403808593750
-0.01477050781250
0.03326416015625
-0.01916503906250
0.00000000000000
0.00000000000000
-0.01031494140625
-0.00250244140625
-0.00158691406250
-0.02136230468750
