0.00152587890625
0.00152587890625
0.00140380859375
0.00158691406250
0.00134277343750
0.00109863281250
0.00152587890625
0.00115966796875
0.00103759765625
0.00128173828125
0.00134277343750
0.00158691406250
0.00146484375000
0.00128173828125
0.00085449218750
0.00140380859375
0.00128173828125
0.00134277343750
0.00140380859375
0.00115966796875
0.00115966796875
0.00134277343750
0.00115966796875
0.00115966796875
0.00097656250000
0.00134277343750
0.00146484375000
0.00134277343750
0.00152587890625
0.00170898437500
0.00146484375000
0.00128173828125
