0.00018310546875
-0.00109863281250
0.00024414062500
0.00036621093750
0.00000000000000
0.00018310546875
0.00036621093750
0.00048828125000
-0.00042724609375
-0.00012207031250
-0.00036621093750
0.00000000000000
0.00067138671875
0.00042724609375
0.00048828125000
0.00012207031250
-0.00042724609375
-0.00054931640625
-0.00018310546875
-0.00006103515625
-0.00006103515625
-0.00030517578125
0.00012207031250
0.00006103515625
0.00103759765625
-0.00048828125000
0.00036621093750
-0.00012207031250
-0.00079345703125
0.00042724609375
-0.00012207031250
0.00000000000000
